3.55819000000000
3.25102785234899
3.55819000000000
3.25102785234899
2.75388201342282
2.27124214765101
2.85388201342282
2.37124214765101
1.83135140939597
1.28005132885906
2.85388201342282
2.37124214765101
0.775843194630873
0.391878704697987
2.37124214765101
0.775843194630873
0.123430259060403
-0.0203153644295301
-0.0296486395973155
0.100953244295302
0.369633448322148
0.762265979865772
1.21185269798658
1.69438926174497
0.369633448322148
0.762265979865772
1.21185269798658
2.19413583892617
2.70312832214765
3.22115704697987
3.75377073825503
2.19413583892617
2.70312832214765
4.30083033557047
2.19413583892617
2.70312832214765
3.22115704697987
3.75377073825503
2.19413583892617
4.85937422818792
5.42102255033557
5.97381604026846
6.50315456375839
6.99581657718121
7.45762751677852
5.97381604026846
6.50315456375839
6.99581657718121
7.89195906040269
8.30196704697987
8.69025859060403
9.05784785234899
9.40330630872483
9.73252993288591
7.89195906040269
8.30196704697987
8.69025859060403
9.05784785234899
10.0475979865772
10.3508140939597
10.6445530201342
10.9307516778523
11.2080013422819
10.0475979865772
10.3508140939597
9.05784785234899
10.0475979865772
10.3508140939597
10.6445530201342
10.9307516778523
11.2080013422819
10.6445530201342
10.9307516778523
11.4760577181208
11.7357248322148
10.0475979865772
10.3508140939597
10.6445530201342
10.9307516778523
11.2080013422819
10.6445530201342
10.9307516778523
11.9901026845638
12.2438100671141
12.5022127516779
12.7669758389262
13.0300818791946
13.2820020134228
13.5130570469799
13.7144570469799
13.8760731543624
13.9917563758389
14.0718416107383
14.1234671140940
14.1545838926174
11.9901026845638
12.2438100671141
12.5022127516779
12.7669758389262
13.0300818791946
13.2820020134228
13.5130570469799
13.7144570469799
13.8760731543624
13.9917563758389
14.1234671140940
14.1545838926174
11.9901026845638
12.2438100671141
12.5022127516779
12.7669758389262
13.0300818791946
14.1729033557047
14.1845543624161
14.1908026845638
14.1917959731544
14.1879536912752
14.1810302013423
14.1739979865772
14.1715013422819
13.8760731543624
13.9917563758389
14.1234671140940
14.1545838926174
11.9901026845638
12.2438100671141
12.5022127516779
14.1777268456376
14.1920644295302
14.2146174496644
14.2465087248322
14.2902563758389
14.3527557046980
14.4386134228188
14.1715013422819
13.8760731543624
13.9917563758389
14.1234671140940
14.1545838926174
11.9901026845638
12.2438100671141
12.5022127516779
14.1777268456376
14.1920644295302
14.5425731543624
14.6569825503356
14.7711852348993
14.8727033557047
14.9442738255034
14.9704429530201
14.9418248322148
14.8407107382550
14.6450496644295
14.3294872483221
13.8447221476510
12.5022127516779
14.1777268456376
14.1920644295302
14.5425731543624
14.6569825503356
14.7711852348993
14.8727033557047
14.9442738255034
14.9704429530201
14.9418248322148
13.1659677852349
12.3023637583893
11.2490100671141
10.0042197315436
8.56936268456375
6.92605476510066
5.09703140939596
8.56936268456375
6.92605476510066
3.11451550335572
8.56936268456375
6.92605476510066
5.09703140939596
8.56936268456375
6.92605476510066
3.11451550335572
8.56936268456375
6.92605476510066
5.09703140939596
8.56936268456375
6.92605476510066
3.11451550335572
0.985552684563771
0.975552684563771
0.985552684563771
0.975552684563771
0.975552684563771
0.985552684563771
0.975552684563771
0.975552684563771
0.985552684563771
0.975552684563771
0.975552684563771
-1.28608562416107
-1.30608562416107
-1.28608562416107
-1.30608562416107
-1.28608562416107
-3.69881503355704
-3.55881503355704
-3.55881503355704
-6.27001744966443
-6.27001744966443
-6.27001744966443
-6.27001744966443
-6.27001744966443
-1.28608562416107
-3.69881503355704
-6.27001744966443
-8.94471865771813
-3.69881503355704
-6.27001744966443
-8.94471865771813
-8.94471865771813
-3.69881503355704
-6.27001744966443
-8.94471865771813
-11.6064389261745
-14.0991107382551
-16.2345818791946
-17.8116241610738
-11.6064389261745
-14.0991107382551
-16.2345818791946
-17.8116241610738
-18.5187570469799
-14.0991107382551
-16.2345818791946
-17.8116241610738
-18.5187570469799
-18.3663838926175
-17.5410489932886
-11.6064389261745
-14.0991107382551
-18.5187570469799
-18.3663838926175
-16.2057791946309
-14.5479067114094
-16.2345818791946
-17.8116241610738
-18.5187570469799
-18.5187570469799
-18.3663838926175
-16.2057791946309
-14.5479067114094
-16.2345818791946
-17.8116241610738
-18.3663838926175
-16.2057791946309
-14.5479067114094
-12.7607604026846
-12.7607604026846
-12.7007604026846
-12.7607604026846
-12.7007604026846
-12.7607604026846
-12.7007604026846
-12.7607604026846
-12.7007604026846
-12.7607604026846
-12.7007604026846
-12.7607604026846
-12.7007604026846
-12.7607604026846
-11.0597966442953
-9.58381295302014
-9.50381295302014
-9.58381295302014
-9.50381295302014
-16.2057791946309
-16.2057791946309
-14.5479067114094
-16.2057791946309
-14.5479067114094
-16.2057791946309
-14.5479067114094
-16.2057791946309
-14.5479067114094
-16.2057791946309
-14.5479067114094
-16.2057791946309
-14.5479067114094
-16.2057791946309
-14.5479067114094
-16.2057791946309
-14.5479067114094
-16.2057791946309
-14.5479067114094
-16.2057791946309
-14.5479067114094
-16.2057791946309
-14.5479067114094
-16.2057791946309
-14.5479067114094
-12.7607604026846
-11.0597966442953
-8.34823255033557
-7.33788127516778
-6.51193523489933
-5.81313604026845
-5.17907161073825
-4.54194100671141
-3.87903838926175
-8.34823255033557
-7.33788127516778
-6.51193523489933
-5.81313604026845
-5.17907161073825
-4.54194100671141
-3.18344644295302
-2.45792161073825
-1.71318808053691
-0.975141744966439
-5.17907161073825
-4.54194100671141
-3.18344644295302
-2.45792161073825
-1.71318808053691
-0.975141744966439
-0.276631291946304
0.358550874496640
0.912394013422816
1.37354718120805
1.73818637583893
1.99874449664430
2.18885483221477
2.32936912751678
2.43261315436242
2.50660630872483
1.37354718120805
1.73818637583893
1.99874449664430
2.18885483221477
2.32936912751678
2.43261315436242
2.55482859060403
2.57245489932886
2.56651563758389
2.54260597315436
2.50572436241611
2.46221805369128
2.42026510067114
2.39236926174497
2.38104671140940
2.37774825503356
2.36944946308725
2.34234852348993
2.28561255033557
2.20021067114094
2.12804046979866
2.11054302013423
2.42026510067114
2.39236926174497
2.38104671140940
2.37774825503356
2.36944946308725
2.34234852348993
2.28561255033557
2.20021067114094
2.1280404697986
2.18145093959732
2.35751080536913
2.62922469798658
2.93112724832215
3.15235194630873
3.23888510067114
3.16678483221477
2.93837879194631
2.57912000000000