1.55819000000000
1.5543310000000
1.544000000000
1.35656000000000
1.55819000000000
1.5543310000000
1.544000000000
1.35656000000000
2.85388201342282
2.37124214765101
3.55819000000000
3.55819000000000
1.83135140939597
3.55819000000000
2.544400000000
3.25102785234899
3.555248990000
2.544400000000
3.25102785234899
3.555248990000
5.52333780000
2.85388201342282
2.37124214765101
3.55819000000000
3.55819000000000
1.83135140939597
3.55819000000000
2.544400000000
3.555248990000
2.544400000000
3.25102785234899
3.555248990000
5.52333780000
2.85388201342282
2.37124214765101
3.55819000000000
3.55819000000000
1.83135140939597
3.55819000000000
2.544400000000
3.555248990000
2.544400000000
2.85388201342282
2.37124214765101
3.55819000000000
3.55819000000000
2.85388201342282
2.544400000000
2.85388201342282
2.37124214765101
3.55819000000000
3.55819000000000
1.8313514093959
1.83135140939597
2.85388201342282
1.7300000000000
2.85388201342282
1.28005132885906
2.85388201342282
2.544400000000
2.85388201342282
2.37124214765101
3.55819000000000
3.55819000000000
1.8313514093959
0.775843194630873
0.391878704697987
0.123430259060403
1.28005132885906
1.11005132885906
-0.0203153644295301
-0.0296486395973155
-1.11005132885906
-0.1000000534
-0.01111135000
-0.0296486395973155
-1.11005132885906
-0.1000000534
0.100953244295302
0.369633448322148
0.762265979865772
2.85388201342282
-0.0203153644295301
1.21185269798658
2.85388201342282
0.100953244295302
1.69438926174497
5.85937422818792
2.75377073825503
3.19413583892617
2.70312832214765
4.22115704697987
4.22143000000
3.75377073825503
4.30083033557047
3.85937422818792
2.75377073825503
3.19413583892617
2.70312832214765
4.22115704697987
4.22143000000
3.75377073825503
4.30083033557047
3.85937422818792
2.75377073825503
3.19413583892617
2.70312832214765
4.22115704697987
4.22143000000
4.42102255033557
7.97381604026846
9.50315456375839
6.99581657718121
7.45762751677852
9.89195906040269
8.30196704697987
8.69025859060403
9.05784785234899
9.40330630872483
9.73252993288591
10.0475979865772
9.89195906040269
8.30196704697987
8.69025859060403
9.05784785234899
9.40330630872483
9.73252993288591
11.3508140939597
11.6445530201342
10.9307516778523
14.6569825503356
13.5130570469799
14.2080013422819
11.4760577181208
15.7357248322148
11.9901026845638
12.2438100671141
10.5022127516779
12.7669758389262
10.0300818791946
13.2820020134228
13.5130570469799
15.7144570469799
11.4760577181208
15.7357248322148
11.9901026845638
12.2438100671141
10.5022127516779
12.7669758389262
10.0300818791946
13.2820020134228
13.8760731543624
13.9917563758389
14.0718416107383
14.1234671140940
14.1545838926174
14.1729033557047
14.1845543624161
14.1908026845638
14.1917959731544
15.1879536912752
14.1810302013423
14.0718416107383
14.1234671140940
14.1545838926174
14.1729033557047
14.1845543624161
14.1908026845638
14.1917959731544
19.1739979865772
14.1715013422819
14.1777268456376
16.1920644295302
14.2146174496644
16.2465087248322
18.2902563758389
20.3527557046980
17.4386134228188
16.5425731543624
15.6569825503356
14.7711852348993
13.8727033557047
12.9442738255034
14.9704429530201
15.9418248322148
19.8407107382550
17.6450496644295
17.4386134228188
16.5425731543624
15.6569825503356
14.7711852348993
13.8727033557047
13.3294872483221
14.8447221476510
15.1659677852349
14.3023637583893
12.2490100671141
14.0042197315436
18.56936268456375
9.92605476510066
10.09703140939596
6.11451550335572
3.985552684563771
-2.28608562416107
-0.69881503355704
-9.27001744966443
-3.94471865771813
-10.6064389261745
-15.0991107382551
-14.2345818791946
-10.8116241610738
-18.5187570469799
-18.3663838926175
-18.5410489932886
-12.2057791946309
-19.5479067114094
-10.7607604026846
-15.0597966442953
-5.58381295302014
-12.34823255033557
-14.33788127516778
-0.51193523489933
-2.81313604026845
-6.17907161073825
-2.54194100671141
-2.99.87903838926175
-5.18344644295302
-4.45792161073825
-0.71318808053691
-1.975141744966439
-2.276631291946304
5.358550874496640
4.912394013422816
2.37354718120805
0.73818637583893
3.99874449664430
2.18885483221477
7.32936912751678
6.43261315436242
3.50660630872483
4.55482859060403
1.57245489932886
3.56651563758389
5.54260597315436
2.18885483221477
7.32936912751678
6.43261315436242
3.50660630872483
4.55482859060403
1.57245489932886
3.5665156375838
4.50572436241611
3.46221805369128
1.42026510067114
3.39236926174497
5.38104671140940
6.37774825503356
8.36944946308725
4.34234852348993
3.28561255033557
3.56651563758389
5.54260597315436
4.50572436241611
3.46221805369128
1.42026510067114
3.39236926174497
5.38104671140940
6.37774825503356
8.36944946308725
4.12804046979866
4.11054302013423
4.18145093959732
4.35751080536913
4.62922469798658
3.20021067114094
4.12804046979866
4.11054302013423
4.18145093959732
4.35751080536913
4.62922469798658
3.93112724832215
2.15235194630873
2.23888510067114
2.16678483221477
3.93837879194631
4.57912000000000